Method: A thread per element
row=10 col=10
3550 
3040 3180 3320 3460 3600 1660 1725 1790 1855 1920 1985 3740 3880 4020 4160 4300 
3565 3730 3895 4060 4225 4390 4555 4720 4885 5050 
2050 
1990 2080 2170 2260 2350 2440 2530 2620 2710 2800 
2515 2630 4090 4280 4470 4660 4850 5040 2745 2860 2975 415 3090 3205 3320 3435 3550 
5475 5690 4225 4390 4555 4720 430 445 460 1100 1140 4300 4885 5050 
4090 4280 4470 4660 5905 4850 5040 6120 6335 6550 
5140 5380 1725 3040 3180 3320 3460 3600 3740 3880 4020 4160 4300 
5230 5620 5860 1180 1220 1260 3565 3730 475 490 
1790 1855 1920 1985 2050 
1990 2080 2170 2260 2350 3565 3895 4060 4225 4390 4555 4720 4885 5050 
4090 4280 4470 5230 5420 4660 4850 5610 5800 
4615 4830 5045 5260 5475 5690 5905 6120 6335 6550 
1300 5040 5230 5420 5610 5800 3730 505 
4615 4830 5045 5260 5475 5690 5905 6120 6335 6550 
5140 5140 
520 3895 2440 5420 6100 